	(1)	(2)	(3)	(4)	(5)	(6)	(7)	(8)	(9)	(10)	(11)	(12)	(13)	(14)	(15)
VARIABLES	nosema	nosema	lnnosema1	nosema_d	mites	lnmites1	abpv_d	abpv_d	bqcv_d	dwv_d	cbpv_d	iapv_d	kbv_d	nosema	cbpv_d
															
lncorn	-0.00919*	-0.00977*	-0.00442*	-0.0248	-0.0280	-0.0101*	0.0556	0.0537	-0.0542*	-0.0209	-0.0554	-0.00540	-0.0213	-0.00965*	-0.0736
	(0.00545)	(0.00562)	(0.00246)	(0.0160)	(0.0401)	(0.00595)	(0.0342)	(0.0355)	(0.0309)	(0.0341)	(0.0623)	(0.0472)	(0.0594)	(0.00560)	(0.0661)
lnsoy	0.00378	0.00399	0.000969	0.00359	-0.0219	0.00262	0.0165	0.00521	-0.000495	0.0104	-0.0161	0.00405	0.0137	0.00413	-0.00666
	(0.00511)	(0.00522)	(0.00202)	(0.0125)	(0.0428)	(0.00476)	(0.0229)	(0.0242)	(0.0205)	(0.0233)	(0.0465)	(0.0414)	(0.0501)	(0.00530)	(0.0468)
lnwwht	-0.00963	-0.00928	-0.00330	-0.00132	-0.0176	-0.00482	0.00992	0.0214	-0.00773	0.00556	0.0185	-0.0533	-0.0153	-0.00912	0.0286
	(0.00600)	(0.00620)	(0.00239)	(0.0132)	(0.0272)	(0.00472)	(0.0312)	(0.0320)	(0.0231)	(0.0296)	(0.0653)	(0.0429)	(0.0752)	(0.00616)	(0.0708)
lnohay	0.0122**	0.0122***	0.00589***	0.0349**	-0.0649*	-0.00786	-0.0110	-0.00950	0.0222	0.0469**	-0.0215	0.0390	-0.0530	0.0122***	-0.0276
	(0.00472)	(0.00472)	(0.00210)	(0.0140)	(0.0388)	(0.00522)	(0.0325)	(0.0328)	(0.0213)	(0.0233)	(0.0803)	(0.0418)	(0.0661)	(0.00472)	(0.0792)
lnalfalfa	0.000426	0.00127	0.00104	0.0333**	-0.110**	-0.0152***	0.0248	0.0276	0.0239	-0.00328	0.00134	0.0506	-0.152*	0.00121	-0.0171
	(0.00608)	(0.00652)	(0.00256)	(0.0160)	(0.0485)	(0.00582)	(0.0327)	(0.0323)	(0.0288)	(0.0359)	(0.0769)	(0.0418)	(0.0883)	(0.00654)	(0.0828)
plant_lncorn	0.0199**	0.0206**	0.00719**	0.0359*	-0.0401	0.000774	0.112*	0.102*	-0.0301	-0.0632	-0.164	0.160**	-0.0250	0.0206**	-0.122
	(0.00908)	(0.00916)	(0.00360)	(0.0204)	(0.0445)	(0.00726)	(0.0596)	(0.0595)	(0.0436)	(0.0473)	(0.127)	(0.0706)	(0.0889)	(0.00916)	(0.137)
plant_lnsoy	-0.0190**	-0.0195**	-0.00777**	-0.0109	0.00290	-0.00546	-0.0578	-0.0633	0.153*	-0.0677	-0.0191	0.0176	0.346***	-0.0202**	0.0316
	(0.00811)	(0.00819)	(0.00313)	(0.0165)	(0.0311)	(0.00556)	(0.0792)	(0.0806)	(0.0802)	(0.0415)	(0.0926)	(0.0637)	(0.0842)	(0.00819)	(0.106)
plant_lnwwht	0.00483	0.00484	0.00126	-0.00105	0.0343	0.0121	0.0177	0.0108	-0.0491	0.0791**	-0.000378	0.128**	-0.0650	0.00440	-0.0157
	(0.00583)	(0.00602)	(0.00266)	(0.0184)	(0.0563)	(0.00737)	(0.0339)	(0.0342)	(0.0306)	(0.0383)	(0.0882)	(0.0565)	(0.0831)	(0.00591)	(0.0974)
plant_lnalfalfa	-0.00225	-0.00307	-0.00338	-0.0407**	0.0239	-0.000294	0.0230	0.0224	0.0128	0.0700	0.00644	0.0111	0.145*	-0.00237	0.0158
	(0.00666)	(0.00653)	(0.00282)	(0.0184)	(0.0513)	(0.00691)	(0.0404)	(0.0403)	(0.0336)	(0.0435)	(0.103)	(0.0489)	(0.0797)	(0.00674)	(0.0999)
plant_lnohay	-0.00406	-0.00376	-0.000552	0.0127	0.0602	0.00634	-0.0396	-0.0343	0.0158	0.00373	0.0919	-0.0564	0.0698	-0.00376	0.109
	(0.00497)	(0.00502)	(0.00231)	(0.0166)	(0.0459)	(0.00620)	(0.0346)	(0.0347)	(0.0255)	(0.0341)	(0.0805)	(0.0464)	(0.0724)	(0.00503)	(0.0832)
lncitrus	0.0256*	0.0261*	0.0133**	0.0597**	-0.0501	-0.0143	0.0614	0.0610	0.0436	0.0668	0.0169	0.108**	-0.00502	0.0252*	0.0204
	(0.0152)	(0.0151)	(0.00594)	(0.0293)	(0.0509)	(0.0105)	(0.0446)	(0.0438)	(0.0620)	(0.0776)	(0.0783)	(0.0497)	(0.0634)	(0.0149)	(0.0791)
lntreefruit	0.0129**	0.0129**	0.00503**	0.0108	0.0514	0.00780	0.000158	-0.00845	-0.00850	-0.0100	0.108**	-0.0624	0.103*	0.0130**	0.120**
	(0.00624)	(0.00622)	(0.00250)	(0.0151)	(0.0396)	(0.00567)	(0.0310)	(0.0323)	(0.0248)	(0.0339)	(0.0536)	(0.0391)	(0.0572)	(0.00623)	(0.0543)
lntreenuts	-0.00435	-0.00429	-0.00267	-0.0111	-0.156***	-0.0309***	-0.0203	-0.0205	-0.00849	-0.0211	-0.0138	-0.0541	0.0927	-0.00452	-0.00746
	(0.00773)	(0.00568)	(0.00261)	(0.0195)	(0.0404)	(0.00685)	(0.0402)	(0.0399)	(0.0317)	(0.0366)	(0.0894)	(0.0666)	(0.0591)	(0.00562)	(0.0859)
lnberries	-0.00290	-0.00359	0.000755	0.0353*	-0.143***	-0.0221***	0.0145	0.00554	0.0606*	0.104**	0.0462	-0.0284	0.0167	-0.00326	0.0317
	(0.00768)	(0.00771)	(0.00324)	(0.0198)	(0.0492)	(0.00706)	(0.0370)	(0.0371)	(0.0366)	(0.0525)	(0.0557)	(0.0607)	(0.0493)	(0.00749)	(0.0576)
lnhort	0.00828*	0.00872*	0.00371*	0.0200*	0.0190	0.00318	-0.0474*	-0.0445*	0.0383*	-0.0372	-0.0222	-0.0973**	0.00622	0.00856*	-0.0242
	(0.00482)	(0.00487)	(0.00201)	(0.0121)	(0.0322)	(0.00470)	(0.0253)	(0.0255)	(0.0228)	(0.0258)	(0.0538)	(0.0415)	(0.0525)	(0.00484)	(0.0535)
lnalmonds		-0.000417	-0.00646	-0.0569	0.209***	0.0241*	0.0662	0.0607	-0.00387	-0.0629	0.0235	0.156	0.0260	-0.00422	-0.00424
		(0.0238)	(0.00726)	(0.0399)	(0.0716)	(0.0124)	(0.0679)	(0.0674)	(0.0807)	(0.0865)	(0.125)	(0.0960)	(0.0866)	(0.0201)	(0.126)
lndeveloped	-0.00777	-0.00908	-0.00456	-0.0311	0.211*	0.0380***	0.141	0.113	-0.246***	-0.137	0.0819	0.168	0.527***	-0.00926	0.0935
	(0.00968)	(0.00988)	(0.00501)	(0.0381)	(0.115)	(0.0146)	(0.0926)	(0.0975)	(0.0867)	(0.106)	(0.129)	(0.107)	(0.194)	(0.00986)	(0.133)
average_mintemp	-0.00569	-0.00664	-0.00317	-0.00241	-0.0717**	6.29e-05	-0.0792***	-0.0787***	-0.0908***	0.00529	-0.0732	-0.00581	0.0159	-0.00529	-0.0941*
	(0.00488)	(0.00498)	(0.00213)	(0.0124)	(0.0331)	(0.00459)	(0.0238)	(0.0239)	(0.0242)	(0.0246)	(0.0513)	(0.0350)	(0.0550)	(0.00537)	(0.0559)
average_precip	0.000187	0.000217	0.000200	0.00187**	0.00137	-0.000178	0.00294*	0.00229	0.00134	-0.00139	0.000525	0.00240	0.00261	0.000202	0.000969
	(0.000288)	(0.000296)	(0.000133)	(0.000899)	(0.00243)	(0.000324)	(0.00153)	(0.00159)	(0.00139)	(0.00181)	(0.00319)	(0.00179)	(0.00330)	(0.000301)	(0.00341)
_Iregion_2	-0.0988	-0.0928	-0.0750***	-0.552***	0.0887	0.0612		0.576	-0.652**	-0.186				-0.0946	
	(0.0700)	(0.0711)	(0.0262)	(0.178)	(0.686)	(0.0679)		(0.351)	(0.296)	(0.426)				(0.0717)	
_Iregion_3	-0.00106	0.00600	-0.00477	0.0669	-1.815*	-0.153*		1.325***	-0.529	-0.116				0.00177	
	(0.0796)	(0.0839)	(0.0355)	(0.231)	(0.956)	(0.0861)		(0.461)	(0.401)	(0.493)				(0.0856)	
_Iregion_4	0.0980	0.125*	0.0531**	0.212	-0.744	-0.193***		-0.501	-0.308	-0.903***				0.127*	
	(0.0722)	(0.0681)	(0.0266)	(0.158)	(0.513)	(0.0647)		(0.348)	(0.317)	(0.342)				(0.0682)	
_Iregion_5	-0.478***	-0.483***	-0.266***	-1.120***	0.632	0.218			0.277	0.431				-0.480***	
	(0.0824)	(0.0833)	(0.0373)	(0.377)	(1.146)	(0.149)			(0.827)	(0.890)				(0.0837)	
_Iregion_6	0.0657	0.0639	0.0443	0.674	-4.240***	-0.619***		1.971***	-0.470	1.763				0.0618	
	(0.152)	(0.165)	(0.0767)	(0.431)	(1.257)	(0.154)		(0.736)	(0.732)	(1.115)				(0.167)	
o._Iregion_7	-	-	-	-	-	-		-	-	-				-	
															
o._Iyear_2010	-	-	-		-	-			-		-			-	-
															
_Iyear_2011	0.268***	0.234***	0.145***	0.446**	0.259	0.0430	-2.285***	-2.122**	0.496	-0.306	-3.059***		1.057	0.235***	-3.036***
	(0.0409)	(0.0390)	(0.0171)	(0.211)	(0.628)	(0.0885)	(0.885)	(0.893)	(0.727)	(0.592)	(1.033)		(1.422)	(0.0392)	(1.069)
_Iyear_2012	0.237***	0.206***	0.130***	-0.141	1.538**	0.299***	-0.933	-0.779	1.820***	0.661	-2.159**		-1.262	0.209***	-2.070**
	(0.0433)	(0.0427)	(0.0189)	(0.200)	(0.607)	(0.0867)	(0.881)	(0.890)	(0.704)	(0.626)	(0.927)		(1.227)	(0.0426)	(0.917)
_Iyear_2013	0.316***	0.280***	0.153***	-0.103	-0.0341	-0.0238	-2.719**	-2.546**			-1.633		1.271	0.280***	-1.561
	(0.0493)	(0.0433)	(0.0176)	(0.194)	(0.582)	(0.0858)	(1.110)	(1.111)			(1.527)		(1.246)	(0.0433)	(1.459)
_Iyear_2014	0.201***	0.165**	0.123***		0.102	0.0251								0.160**	
	(0.0720)	(0.0728)	(0.0332)		(0.629)	(0.0992)								(0.0740)	
Jan	-0.191	-0.177													
	(0.212)	(0.259)													
spring	0.280***	0.288***	0.149***	0.581***	-2.174***	-0.361***	-1.857***	-1.744***	-0.435	0.873*		-1.464**	-1.448*	0.310***	-1.239
	(0.0917)	(0.0924)	(0.0378)	(0.199)	(0.365)	(0.0658)	(0.648)	(0.658)	(0.380)	(0.454)		(0.676)	(0.857)	(0.0949)	(0.931)
fall	-0.131***	-0.130***	-0.0542**	-0.188	1.913***	0.286***	1.162***	1.130***	-0.338	0.111		-0.541	1.643*	-0.119**	-0.531
	(0.0502)	(0.0496)	(0.0239)	(0.177)	(0.464)	(0.0649)	(0.366)	(0.366)	(0.268)	(0.306)		(0.552)	(0.942)	(0.0483)	(0.785)
pollination		0.102**	0.0481**	0.143	-0.0395	-0.0576	0.298	0.372*	-0.297	-0.561**	0.640	0.245	0.133	0.0996**	0.692*
		(0.0502)	(0.0211)	(0.125)	(0.458)	(0.0474)	(0.218)	(0.221)	(0.205)	(0.252)	(0.418)	(0.307)	(0.428)	(0.0496)	(0.415)
migratory_proxy	0.122**														
	(0.0483)														
_Iyear_2010				-0.552**			-1.718*	-1.556		-0.102			-2.526*		
				(0.276)			(0.944)	(0.951)		(0.708)			(1.365)		
o._Iyear_2014				-			-	-	-	-	-		-		-
															
region2							0.686*				1.327***				1.274***
							(0.350)				(0.448)				(0.439)
region3							1.504***								
							(0.446)								
region6							2.264***					0.622			
							(0.722)					(0.758)			
o._Iregion_5								-							
															
o._Iyear_2013									-	-					
															
lnmites1										0.530***					
										(0.140)					
Constant	0.189	0.251	0.131	-0.0690	4.211**	1.084***	-3.728**	-3.241*	5.612***	3.107*	-2.315	-5.491***	-10.58***	0.224	-1.752
	(0.179)	(0.183)	(0.0842)	(0.640)	(1.655)	(0.254)	(1.655)	(1.730)	(1.570)	(1.758)	(1.795)	(1.769)	(2.935)	(0.176)	(1.992)
															
Observations	1,878	1,877	1,877	1,877	1,879	1,879	1,093	1,062	957	1,122	967	1,095	503	1,877	967
R-squared	0.101	0.100	0.134		0.150	0.237								0.099	
Robust standard errors in parentheses															
*** p<0.01, ** p<0.05, * p<0.1															
